Client: 0 
Train Epoch: 1 
loss:[2.316, 0.579, 0.397]
Client: 0
Test set: Average loss: 0.3164, Accuracy: 9075/10000 (91%)

Client: 1 
Train Epoch: 1 
loss:[2.318, 0.852, 0.344]
Client: 1
Test set: Average loss: 0.3260, Accuracy: 9017/10000 (90%)

Client: 2 
Train Epoch: 1 
loss:[2.341, 0.561, 0.471]
Client: 2
Test set: Average loss: 0.3257, Accuracy: 9003/10000 (90%)

Client: 3 
Train Epoch: 1 
loss:[2.337, 0.62, 0.398]
Client: 3
Test set: Average loss: 0.3195, Accuracy: 9043/10000 (90%)

odict_keys(['conv1.weight', 'conv1.bias', 'conv2.weight', 'conv2.bias', 'fc1.weight', 'fc1.bias', 'fc2.weight', 'fc2.bias'])
-----------------------------------------------------------
tensor([[[[-0.2386,  0.1793, -0.1578],
          [ 0.0164, -0.1414,  0.2097],
          [-0.1838, -0.0862,  0.1685]]],


        [[[ 0.1181,  0.2491,  0.0273],
          [-0.0655,  0.2920,  0.2692],
          [-0.1709,  0.1766, -0.1131]]],


        [[[-0.3368, -0.1454, -0.0139],
          [ 0.0713, -0.0843,  0.1209],
          [-0.3366, -0.0322, -0.1145]]],


        [[[-0.0490,  0.1598, -0.2388],
          [-0.2971, -0.0275, -0.2417],
          [-0.3246,  0.0970,  0.1460]]],


        [[[ 0.0969,  0.2086, -0.1572],
          [ 0.0635, -0.1978,  0.1679],
          [ 0.3100,  0.3598,  0.3447]]],


        [[[ 0.1367,  0.3344, -0.0075],
          [-0.0259, -0.2641,  0.1203],
          [-0.2605,  0.0456,  0.1011]]],


        [[[-0.1882,  0.1255,  0.2639],
          [-0.2014,  0.0664, -0.2086],
          [-0.1341, -0.2929,  0.2976]]],


        [[[-0.0324, -0.1361,  0.0265],
          [ 0.1165, -0.2447, -0.2812],
          [ 0.3165, -0.0005,  0.1142]]],


        [[[-0.0906,  0.1043,  0.1179],
          [ 0.2710,  0.2348,  0.0934],
          [-0.0153,  0.3534, -0.2066]]],


        [[[ 0.0757,  0.1968,  0.3157],
          [-0.3141,  0.2739,  0.0035],
          [ 0.0991, -0.2881,  0.2948]]],


        [[[-0.1510,  0.1624, -0.1851],
          [ 0.3367, -0.0345, -0.0924],
          [-0.0385, -0.1313, -0.3198]]],


        [[[ 0.1511,  0.0990, -0.0194],
          [-0.0480,  0.2078, -0.2048],
          [ 0.1584,  0.1963, -0.0112]]],


        [[[ 0.2287,  0.1757, -0.0159],
          [-0.0227, -0.0077, -0.1721],
          [-0.0378,  0.2157,  0.1958]]],


        [[[ 0.0926, -0.1260, -0.1200],
          [ 0.0926, -0.3281, -0.1656],
          [ 0.1661, -0.0559,  0.2257]]],


        [[[-0.2577,  0.1185, -0.1310],
          [ 0.1080, -0.2186,  0.1487],
          [-0.1470,  0.0606, -0.1749]]],


        [[[-0.3178,  0.2078, -0.1978],
          [ 0.2660, -0.2390, -0.0742],
          [ 0.0611,  0.0668, -0.0868]]],


        [[[ 0.3014, -0.2925,  0.0520],
          [ 0.1414,  0.2155, -0.2165],
          [-0.2905,  0.0156, -0.2178]]],


        [[[-0.3231, -0.1971,  0.0594],
          [ 0.2239, -0.0117,  0.0691],
          [ 0.1266,  0.1560,  0.0695]]],


        [[[-0.3422, -0.2362, -0.2097],
          [ 0.2307, -0.1139, -0.2841],
          [-0.3233,  0.1969, -0.1968]]],


        [[[ 0.0846, -0.2040,  0.0426],
          [ 0.2450,  0.1486, -0.1181],
          [ 0.1761, -0.2373, -0.1679]]],


        [[[ 0.1312,  0.3639,  0.3301],
          [ 0.1540,  0.1650,  0.2983],
          [ 0.2582, -0.1423,  0.1783]]],


        [[[-0.1997,  0.2074, -0.2508],
          [-0.0857, -0.0838,  0.1688],
          [-0.3346,  0.2110, -0.0763]]],


        [[[-0.1705, -0.3598, -0.0734],
          [-0.0203, -0.0823, -0.1989],
          [-0.2885, -0.0071, -0.3098]]],


        [[[-0.0252,  0.2791,  0.3392],
          [ 0.1140,  0.1546, -0.3058],
          [ 0.3237,  0.3246, -0.2400]]],


        [[[ 0.1059,  0.0061,  0.0166],
          [-0.2848, -0.2205, -0.1986],
          [-0.2565,  0.1810,  0.0528]]],


        [[[-0.0710,  0.0287,  0.2996],
          [ 0.1605, -0.2815,  0.0506],
          [-0.2328, -0.1505,  0.1972]]],


        [[[ 0.2806, -0.3115,  0.2080],
          [ 0.2137, -0.2357, -0.1471],
          [ 0.1509,  0.1578, -0.3293]]],


        [[[-0.0799,  0.3181,  0.1274],
          [ 0.2448, -0.3037, -0.2088],
          [ 0.1312,  0.2102, -0.1312]]],


        [[[-0.1118, -0.3022,  0.0147],
          [-0.0245,  0.2476,  0.1730],
          [ 0.2570, -0.0671,  0.2004]]],


        [[[ 0.0186,  0.1959, -0.3325],
          [ 0.1165,  0.2319, -0.2211],
          [ 0.0598, -0.1196, -0.2021]]],


        [[[-0.3553, -0.2223, -0.2916],
          [ 0.0196, -0.3239, -0.1328],
          [-0.3320,  0.2774,  0.3043]]],


        [[[ 0.0396,  0.0260,  0.0687],
          [-0.2784, -0.3504, -0.2358],
          [-0.1481,  0.1630, -0.0571]]]], device='cuda:0')
-----------------------------------------------------------
tensor([ 0.0043,  0.0571, -0.3092,  0.0795,  0.0492,  0.2506,  0.2187,  0.2204,
        -0.0965,  0.1714,  0.0784,  0.2322, -0.2836, -0.2674,  0.1317, -0.1418,
         0.2155,  0.2070,  0.2783,  0.2208,  0.3204,  0.1456, -0.1244, -0.2971,
         0.1605, -0.2316,  0.1135,  0.1637, -0.2470, -0.1556,  0.1075,  0.1409],
       device='cuda:0')
-----------------------------------------------------------
tensor([[[[ 0.0432, -0.0202, -0.0113],
          [ 0.0145, -0.0087, -0.0089],
          [-0.0382,  0.0420,  0.0310]],

         [[-0.0217,  0.0199, -0.0235],
          [ 0.0005,  0.0201,  0.0450],
          [ 0.0158, -0.0434,  0.0466]],

         [[ 0.0608,  0.0457, -0.0184],
          [ 0.0558, -0.0384,  0.0159],
          [-0.0093,  0.0106, -0.0570]],

         ...,

         [[ 0.0027, -0.0159,  0.0191],
          [ 0.0501, -0.0309, -0.0083],
          [ 0.0056, -0.0144,  0.0506]],

         [[-0.0225,  0.0124, -0.0534],
          [ 0.0160, -0.0363, -0.0439],
          [-0.0523, -0.0548, -0.0300]],

         [[ 0.0552,  0.0412, -0.0374],
          [-0.0087, -0.0244,  0.0003],
          [ 0.0191, -0.0175,  0.0311]]],


        [[[-0.0272, -0.0485, -0.0134],
          [ 0.0003, -0.0057,  0.0563],
          [-0.0103, -0.0577,  0.0204]],

         [[-0.0147,  0.0613,  0.0362],
          [-0.0189,  0.0536,  0.0255],
          [ 0.0537,  0.0392,  0.0401]],

         [[-0.0437,  0.0381, -0.0130],
          [-0.0003, -0.0348, -0.0634],
          [-0.0572,  0.0169, -0.0333]],

         ...,

         [[-0.0118, -0.0027, -0.0376],
          [-0.0448, -0.0578,  0.0136],
          [-0.0457, -0.0040,  0.0093]],

         [[-0.0502,  0.0159, -0.0097],
          [ 0.0340,  0.0030,  0.0437],
          [-0.0611,  0.0169, -0.0548]],

         [[ 0.0365, -0.0526,  0.0311],
          [-0.0588, -0.0325, -0.0028],
          [ 0.0403,  0.0201, -0.0316]]],


        [[[ 0.0308, -0.0257, -0.0343],
          [ 0.0315, -0.0100, -0.0506],
          [ 0.0170, -0.0262, -0.0100]],

         [[ 0.0553, -0.0185,  0.0565],
          [ 0.0069, -0.0502, -0.0183],
          [-0.0391, -0.0480, -0.0408]],

         [[ 0.0459,  0.0415,  0.0291],
          [ 0.0343, -0.0424,  0.0222],
          [ 0.0375, -0.0510,  0.0213]],

         ...,

         [[-0.0528, -0.0082, -0.0301],
          [ 0.0232, -0.0277, -0.0126],
          [-0.0339, -0.0588, -0.0116]],

         [[ 0.0340, -0.0186, -0.0286],
          [-0.0205, -0.0011, -0.0372],
          [-0.0234, -0.0559,  0.0366]],

         [[ 0.0474,  0.0150,  0.0525],
          [ 0.0330, -0.0154, -0.0424],
          [-0.0337, -0.0286, -0.0409]]],


        ...,


        [[[-0.0386, -0.0390, -0.0591],
          [-0.0523, -0.0026,  0.0436],
          [ 0.0113,  0.0443,  0.0344]],

         [[ 0.0074, -0.0112,  0.0518],
          [ 0.0031,  0.0079, -0.0569],
          [ 0.0497, -0.0142,  0.0264]],

         [[ 0.0015, -0.0058, -0.0327],
          [-0.0555,  0.0261,  0.0074],
          [-0.0010, -0.0423,  0.0421]],

         ...,

         [[ 0.0067,  0.0167, -0.0158],
          [ 0.0296,  0.0467,  0.0299],
          [-0.0451, -0.0127, -0.0320]],

         [[ 0.0235,  0.0472,  0.0478],
          [-0.0097,  0.0499,  0.0534],
          [-0.0249, -0.0222, -0.0346]],

         [[-0.0040, -0.0371, -0.0095],
          [-0.0322,  0.0515, -0.0435],
          [ 0.0091, -0.0177,  0.0211]]],


        [[[ 0.0120,  0.0196, -0.0139],
          [ 0.0258, -0.0229, -0.0563],
          [ 0.0029, -0.0359, -0.0108]],

         [[ 0.0075, -0.0432, -0.0020],
          [ 0.0252, -0.0284,  0.0289],
          [ 0.0468, -0.0532, -0.0165]],

         [[ 0.0332, -0.0360,  0.0641],
          [ 0.0441,  0.0058,  0.0415],
          [ 0.0289, -0.0006, -0.0173]],

         ...,

         [[-0.0199, -0.0405,  0.0002],
          [-0.0051,  0.0131, -0.0272],
          [ 0.0153,  0.0526,  0.0245]],

         [[ 0.0287,  0.0052, -0.0341],
          [-0.0097,  0.0374, -0.0488],
          [-0.0425,  0.0564, -0.0409]],

         [[ 0.0157, -0.0399,  0.0200],
          [-0.0486,  0.0529,  0.0359],
          [ 0.0319,  0.0541, -0.0217]]],


        [[[-0.0240, -0.0276,  0.0503],
          [-0.0017,  0.0048, -0.0153],
          [-0.0546, -0.0434,  0.0119]],

         [[ 0.0180,  0.0554, -0.0388],
          [ 0.0447, -0.0586, -0.0045],
          [ 0.0212,  0.0404,  0.0207]],

         [[ 0.0270,  0.0074, -0.0336],
          [-0.0108,  0.0042, -0.0199],
          [-0.0297, -0.0124,  0.0241]],

         ...,

         [[-0.0010,  0.0261,  0.0133],
          [ 0.0302,  0.0135,  0.0289],
          [ 0.0542,  0.0539, -0.0139]],

         [[-0.0543,  0.0242, -0.0451],
          [-0.0521, -0.0510, -0.0289],
          [-0.0533, -0.0159,  0.0439]],

         [[-0.0381,  0.0435, -0.0037],
          [ 0.0210,  0.0035, -0.0369],
          [ 0.0480,  0.0547, -0.0193]]]], device='cuda:0')
-----------------------------------------------------------
tensor([ 0.0160, -0.0212, -0.0193, -0.0159,  0.0191,  0.0021, -0.0499, -0.0283,
         0.0058, -0.0242,  0.0148, -0.0493, -0.0561,  0.0323,  0.0481, -0.0170,
         0.0279,  0.0376, -0.0426, -0.0351,  0.0441, -0.0261, -0.0087, -0.0452,
         0.0046,  0.0091,  0.0073,  0.0011, -0.0369, -0.0009,  0.0386, -0.0217,
         0.0396, -0.0025,  0.0198,  0.0092,  0.0560,  0.0532, -0.0498,  0.0468,
        -0.0022, -0.0274,  0.0169,  0.0184,  0.0031, -0.0544, -0.0372, -0.0235,
        -0.0021,  0.0368, -0.0517, -0.0111, -0.0310, -0.0128, -0.0447,  0.0475,
        -0.0434, -0.0255,  0.0507,  0.0180,  0.0428, -0.0449, -0.0352, -0.0158],
       device='cuda:0')
-----------------------------------------------------------
tensor([[-0.0059, -0.0025,  0.0057,  ...,  0.0087,  0.0011,  0.0022],
        [ 0.0045, -0.0084,  0.0071,  ..., -0.0009,  0.0051, -0.0043],
        [ 0.0027,  0.0013, -0.0010,  ..., -0.0032, -0.0076,  0.0017],
        ...,
        [-0.0089, -0.0002, -0.0016,  ..., -0.0043, -0.0079,  0.0096],
        [-0.0097, -0.0069, -0.0034,  ..., -0.0081, -0.0091, -0.0081],
        [-0.0084, -0.0047,  0.0035,  ..., -0.0062,  0.0023, -0.0088]],
       device='cuda:0')
-----------------------------------------------------------
tensor([-5.4466e-03,  8.3949e-03,  5.0018e-05,  4.9607e-03,  7.4145e-04,
         4.7439e-03, -2.3568e-03,  9.0815e-03,  8.0918e-03,  3.0604e-03,
         6.7761e-04,  1.2520e-02,  8.6458e-03, -8.5091e-03, -7.1639e-03,
        -2.2995e-03,  4.0732e-03,  6.3103e-06, -4.0116e-03, -3.0395e-03,
         4.2791e-03, -1.7198e-04, -5.4995e-03,  1.0663e-02, -2.5282e-03,
        -5.7058e-03, -5.2355e-03,  4.7545e-03,  7.0638e-04, -7.3242e-03,
         8.0706e-04, -9.3492e-03,  3.9544e-03, -3.9368e-03, -3.3448e-03,
         6.6796e-03,  1.0254e-02,  9.2794e-03, -1.9578e-03, -8.9908e-03,
         8.5402e-03, -9.7233e-03, -5.9864e-03,  9.8543e-03,  3.1290e-03,
        -3.0495e-03,  3.8403e-03,  9.4557e-03,  7.6878e-04, -1.3701e-03,
         8.0712e-04,  1.4332e-03,  3.9728e-03,  9.3963e-03, -5.2587e-03,
         7.3373e-03,  4.0013e-03, -1.9033e-03, -4.0665e-03, -5.0223e-03,
        -9.0211e-03,  8.6899e-03,  7.2808e-03,  2.3618e-03, -8.9547e-03,
        -2.2502e-03,  8.0505e-03,  2.1095e-03,  1.2224e-03, -8.2463e-03,
         5.5021e-03, -6.0475e-04,  9.7346e-03,  8.5825e-03, -3.1003e-03,
         8.6318e-03, -5.8001e-04,  1.6152e-03, -9.0735e-03, -9.2812e-03,
        -9.0638e-03,  5.8511e-03,  2.9504e-03, -9.9011e-03, -3.4104e-03,
         4.9259e-03,  4.2647e-04,  5.2727e-03,  6.2757e-04,  2.9508e-03,
         9.8671e-03,  3.1030e-03, -8.8244e-03, -9.1701e-03, -1.0144e-03,
         9.2037e-03, -9.9764e-03, -9.7684e-03,  4.2153e-03, -4.2658e-03,
         4.8600e-03,  8.8787e-03, -7.9017e-03, -7.9044e-03,  1.8512e-03,
        -6.6394e-03,  6.0525e-03, -4.0448e-03,  7.2026e-03,  7.0404e-04,
         3.0493e-03, -8.3363e-03,  9.9412e-03, -7.5588e-03,  9.4984e-03,
         9.5084e-03,  7.5568e-03, -2.6432e-03,  1.9403e-03, -8.7227e-03,
         4.0233e-03, -6.8141e-03, -7.0562e-03,  1.3548e-03, -2.6700e-03,
        -4.1760e-04,  7.4548e-03,  1.1038e-03], device='cuda:0')
-----------------------------------------------------------
tensor([[-0.0506,  0.0620,  0.0175,  ...,  0.0640,  0.0719,  0.0650],
        [-0.0007, -0.0869,  0.0176,  ..., -0.1060,  0.0120,  0.0933],
        [ 0.0951,  0.0182,  0.0118,  ..., -0.0362,  0.0759, -0.0276],
        ...,
        [ 0.0526,  0.0931, -0.0483,  ..., -0.0882, -0.0504,  0.0020],
        [-0.0216, -0.0706,  0.0060,  ..., -0.0370,  0.0261, -0.0270],
        [-0.0663,  0.0707,  0.0352,  ...,  0.0721,  0.0309, -0.0450]],
       device='cuda:0')
-----------------------------------------------------------
tensor([ 0.0508,  0.0676, -0.0687,  0.0909, -0.0652, -0.0266,  0.0712,  0.0252,
        -0.0607, -0.0028], device='cuda:0')
